# n	sum_policy	sum_fitness	sum_liquidity	sum_ir	sum_bankruptcy	sum_best_lender	sum_best_num_clients	sum_credit_channels	sum_rationing	sum_leverage
  0	              163.0	 496.82767931593503	 3151175.2259178218	 168.18544097040404	             9456.0	            25668.0	             4720.0	             3193.0	 40645.011124489974	  94.40823363498848
  1	              174.0	   493.636763518943	 3182034.5485678883	 147.73920899653388	             9340.0	            24724.0	             4722.0	             3092.0	  40358.93630463222	  97.57643412664734
  2	              175.0	  490.5921705043314	 3181027.9468172435	  133.3584642310843	             9311.0	            25111.0	             4652.0	             3175.0	  39704.95586673649	  95.11467613857275
  3	              167.0	 507.47812820257263	  3210325.261947398	 176.63331255129833	             9432.0	            25151.0	             4749.0	             3187.0	  42343.47955637623	  99.45109586440873
  4	              160.0	 508.43437331829875	 3059161.8302173484	  144.9808830701751	             9720.0	            24245.0	             4688.0	             3237.0	  41579.87248597831	  96.88345762187039
  5	              168.0	  499.0387351427109	  3052518.438071017	 139.70424149774124	             9545.0	            23748.0	             4770.0	             3231.0	  42473.15282917435	  94.50932378827285
  6	              184.0	  491.2173502102872	  3215367.392632807	 158.04354103740516	             9473.0	            24663.0	             4726.0	             3154.0	  41538.65848304899	   97.0118138096309
  7	              178.0	 498.69022507374507	 3027523.0494374456	 135.01118804252044	             9447.0	            24256.0	             4743.0	             3133.0	 41595.014272678585	  96.78617601151237
  8	              144.0	  508.8203765929129	 3293095.9238021206	 138.22222933090657	             9314.0	            24010.0	             4755.0	             3126.0	  40985.16177272804	  96.83737872776237
  9	              176.0	  516.4010081921588	  3215302.702715202	 142.61396970573074	             9520.0	            24358.0	             4796.0	             3234.0	  41555.08065513267	  96.47345877972401
 10	              163.0	 497.68641991457815	 3033576.8600587714	   140.371758396499	             9462.0	            24674.0	             4665.0	             3039.0	 41092.680332296804	  97.56957285094006
 11	              177.0	 501.75631120950464	  3049647.038311607	 137.57637806091137	             9585.0	            24901.0	             4714.0	             3211.0	   42473.2524790595	  96.25367656273663
 12	              186.0	 495.47040083751426	 3171177.9483583476	  141.3690657237629	             9544.0	            25040.0	             4744.0	             3204.0	  41963.84235832356	  96.84264071262956
 13	              166.0	 501.20020028483594	 3027076.9092903007	 130.02271373191041	             9486.0	            24061.0	             4729.0	             3220.0	  41193.92978163731	  95.53408967031312
 14	              156.0	  500.7535696509761	 3092955.7604026166	 136.67627848236435	             9432.0	            25376.0	             4804.0	             3184.0	 42206.425960106135	    96.948041206348
 15	              154.0	  511.2366778592653	  3148561.780913658	 129.36195325014668	             9435.0	            23596.0	             4770.0	             3241.0	  40274.51256076634	   96.1293015381561
 16	              152.0	  501.0327181282224	 3065215.8493247945	  128.1332179260977	             9509.0	            24505.0	             4750.0	             3193.0	  42592.14923244941	   96.5153664537254
 17	              172.0	 505.34637632709536	  3115375.346545386	 139.12668142954206	             9333.0	            23740.0	             4849.0	             3179.0	 41274.897930527906	  96.69515241849689
 18	              181.0	 499.45153371195903	 3097776.9988279273	 167.14742223427712	             9519.0	            24993.0	             4791.0	             3187.0	 41891.123360332254	  97.46592282330845
 19	              148.0	  526.8622458336746	 2991985.8796891733	  138.5868980353866	             9466.0	            25039.0	             4687.0	             3163.0	 41768.005314295464	  96.99162450334882
 20	              162.0	  521.2301877014623	 3006589.9231491555	 164.33453271333192	             9652.0	            25189.0	             4749.0	             3348.0	  42738.51900749714	     95.36685789041
 21	              159.0	 500.68744632703965	  3277517.438580545	 150.81312435812532	             9500.0	            24013.0	             4723.0	             3203.0	 42129.707085651775	   94.9600216995786
 22	              172.0	  505.8439405914588	  2980646.932918874	  129.7684192139804	             9798.0	            24354.0	             4716.0	             3197.0	   45465.2410203086	  95.58009360768779
 23	              165.0	  496.1853843247125	 3052612.5130826356	  148.9777558039874	             9466.0	            25130.0	             4736.0	             3134.0	   42233.7137718653	  97.07780047578102
 24	              183.0	  486.3883800771406	  3075058.991190288	  158.3320880261265	             9458.0	            24548.0	             4743.0	             3260.0	  41458.96232231909	  95.94100590290809
 25	              168.0	  504.2396252270467	  3246423.902406825	 134.61406033456754	             9420.0	            25015.0	             4709.0	             3284.0	   41167.5591311039	  94.53161038298646
 26	              166.0	  507.4821217291032	 3316175.3458576994	 133.84238662548478	             9279.0	            24349.0	             4755.0	             3130.0	 41546.761455650376	   95.2841064743786
 27	              179.0	   494.292195065409	  3199040.277611732	 143.24943020031802	             9503.0	            23804.0	             4737.0	             3323.0	  40578.60223148021	  97.72983833812768
 28	              174.0	 502.45889877642617	 3122363.4262343845	 156.92126893719077	             9595.0	            24011.0	             4762.0	             3164.0	   42305.3562018841	  98.86886056922798
 29	              172.0	  499.5912156592988	  3100503.012921892	  144.5318917358879	             9462.0	            24513.0	             4819.0	             3110.0	 41530.915335590944	   96.2901216883799
 30	              166.0	  508.2917972781519	 3010250.5575071294	 164.58936775844387	             9647.0	            24361.0	             4709.0	             3164.0	 42485.584206607615	  98.46164718779153
 31	              175.0	 500.02280928283136	 3253988.4403169593	 129.71950831818364	             9140.0	            24430.0	             4772.0	             3005.0	   41425.5848463183	  95.53348792312684
 32	              173.0	  488.3521196297024	  3149686.545269512	 138.53784796230488	             9585.0	            24914.0	             4791.0	             3091.0	   42679.8348020841	  99.17665974624411
 33	              164.0	  490.8145250352336	  3168503.070630963	 139.83007480107156	             9526.0	            23859.0	             4719.0	             3145.0	  41288.62535961986	  96.76668406188587
 34	              176.0	  486.9024322624637	 3029167.5672277403	 125.93967260578714	             9760.0	            25781.0	             4682.0	             3279.0	  42948.72827434632	  97.09828273557783
 35	              168.0	  507.9944130706548	  3136905.673305793	 146.12184841031967	             9380.0	            25681.0	             4720.0	             3127.0	   42035.1898727589	  98.47048553086988
 36	              185.0	  500.3673781768058	 3228398.6067089657	 140.53136365496775	             9435.0	            25191.0	             4661.0	             3125.0	  42475.71919597968	  96.67181205944199
 37	              164.0	 506.72661568267006	 2912660.4140867055	  138.5862217046887	             9672.0	            24018.0	             4691.0	             3229.0	 43357.372814460694	  97.08100453503786
 38	              188.0	  503.7082070845351	  3109549.459981285	 136.13080082208555	             9574.0	            23628.0	             4756.0	             3240.0	  43635.53776786708	  94.80722283723011
 39	              179.0	 482.20441812853886	  3123412.257588061	   148.234006183475	             9508.0	            25027.0	             4762.0	             3180.0	 42188.009321495294	  96.16704997654028
 40	              152.0	 507.58092106900506	  3081845.917811391	 148.17662120169936	             9556.0	            24887.0	             4850.0	             3181.0	  43156.46471656579	  97.04869976897406
 41	              163.0	  504.8927274059511	   3076792.97486125	  154.3298070039119	             9462.0	            24930.0	             4728.0	             3260.0	  41015.51406049411	  96.77730989844409
 42	              169.0	  491.1120917030805	 3116871.1348958868	 138.55539525359202	             9517.0	            24478.0	             4754.0	             3181.0	  43307.19478725694	   94.7410711644729
 43	              178.0	  505.2338961680174	 3118613.2135752854	 141.69004742296363	             9473.0	            25304.0	             4747.0	             3072.0	  43350.15112914545	  96.93831193914983
 44	              183.0	  483.1645826257178	  3118001.065845314	 120.83284828878139	             9461.0	            24204.0	             4694.0	             3080.0	 42017.015093608235	   96.1420758427769
 45	              174.0	 479.69715255509857	  3050404.288844273	  176.6578699533827	             9390.0	            24300.0	             4777.0	             3101.0	  42068.27373467675	  97.02822277219101
 46	              175.0	 505.17776072529927	 3217943.8554533697	 164.31311376817365	             9412.0	            24031.0	             4796.0	             3258.0	   41519.2019527553	  96.09899844397593
 47	              176.0	  507.4488992330014	 3002770.1372486195	 140.77335289067966	             9594.0	            25208.0	             4592.0	             3133.0	  42134.20935895226	  98.07330242532235
 48	              154.0	  509.7723946563969	  3145681.060884254	 140.21826082596397	             9334.0	            24365.0	             4846.0	             3123.0	  41081.24067186289	  97.70017736919866
 49	              165.0	  502.3484493821576	   3290324.70020009	  139.6589477814745	             9471.0	            25187.0	             4785.0	             3267.0	 41670.291425631935	  97.60329567714162
